(iHigh, iLow ,0,1)
(eta is ,1.5277576472842362)
(alphaLowNew alphaLowOld ,1.0,0.0)
(iLow iHigh ,1,0)
==========================================
(alphaHighDiff, alphaLowDiff, iHigh, iLow ,1.0,1.0,0,1)
[0.708333,1.0,1.0,-0.320755,-0.105023,-1.0,1.0,-0.419847,-1.0,-0.225806,0.0,1.0,-1.0]
[0.583333,-1.0,0.333333,-0.603774,1.0,-1.0,1.0,0.358779,-1.0,-0.483871,0.0,-1.0,1.0]
([FJR INFO] iHigh, iLow, bHigh, bLow ,230,184,-1.3459141021777974,1.3291068199192848)
(0,-0.23612117635788188)
(2,-1.1018697171687093)
(4,0.9760775330721913)
(6,-0.9605931891423392)
(8,-0.878628249656079)
(10,0.9324694185716299)
(12,1.1445370406702233)
(14,0.9797348655260933)
(16,-0.9261201722988162)
(18,1.0857231818654791)
(20,-0.8594079054161281)
(22,1.1191347928872737)
(24,0.9628144722363481)
(26,0.9357034082248288)
(28,-1.0238152278813408)
(30,-1.0150663125776687)
(32,0.9194712018907127)
(34,-1.028984543840214)
(36,-0.9556372724112403)
(38,1.1214591571608052)
(40,-1.059449299287118)
(42,1.066598882767965)
(44,-0.9405945963049203)
(46,-0.4491385346260184)
(48,-0.8639480986441714)
(50,-1.00425998803339)
(52,0.93166009151269)
(54,0.8312801439266062)
(56,-0.6662107540826178)
(58,-1.0306425084971127)
(60,1.0062166931493206)
(62,1.1025100114455626)
(64,0.9492101337196531)
(66,1.1166871133940566)
(68,0.9796495716085398)
(70,-0.9777142416265503)
(72,1.1627364715862385)
(74,1.0986673003451495)
(76,1.170551692728696)
(78,0.9084780100240417)
(80,-0.9292518686332832)
(82,-1.0342536136215938)
(84,1.0159378905188954)
(86,1.1105669133841096)
(88,0.8815074966396006)
(90,1.0625520999655578)
(92,-0.9533239551930637)
(94,-0.9161179832150299)
(96,1.246820787112556)
(98,0.6620212243782126)
(100,0.9280454807629968)
(102,0.924721807254109)
(104,-0.9671054246420332)
(106,1.097256667199092)
(108,-0.9838818947286934)
(110,-1.0318769519267537)
(112,-1.1125740571879263)
(114,1.065055176838467)
(116,-1.0880465301751332)
(118,0.934169550522343)
(120,-0.8357566087182501)
(122,-0.9579695822462326)
(124,1.3245833281713273)
(126,-0.9025436313937067)
(128,1.1799602492979786)
(130,-0.9440741110132921)
(132,1.1181594634669805)
(134,0.8851216469090966)
(136,0.9704340330675039)
(138,0.9059895792447408)
(140,-0.6592094198865115)
(142,-1.0175896651578775)
(144,-1.0700690965778343)
(146,-0.7717590652724274)
(148,-0.8987333445442904)
(150,1.0856526057165492)
(152,0.8406040813601234)
(154,0.870833538195944)
(156,-1.0010880629762222)
(158,0.8501457802029367)
(160,-1.0664081466056414)
(162,1.0882994974093485)
(164,0.9400374930507437)
(166,0.889739822601608)
(168,0.9386381557194057)
(170,1.1642156165788018)
(172,-0.5984475592926141)
(174,1.0632659265947664)
(176,-0.8693345465310139)
(178,-0.9398010821542256)
(180,0.933512522897829)
(182,-1.0699563968596413)
(184,1.3291068199192848)
(186,-0.8516749489484288)
(188,0.8222040243718857)
(190,1.1558612975218678)
(192,0.8713927041753536)
(194,1.1742449989173065)
(196,0.918909343508636)
(198,1.0218784709433724)
(200,0.9775487738094129)
(202,-0.9694435848128344)
(204,-0.9846606163440201)
(206,0.9468254885626864)
(208,-1.0676565620356184)
(210,-1.167196449197946)
(212,0.9109785189423507)
(214,1.0694615073017812)
(216,0.8550443517855978)
(218,0.8517295177201122)
(220,-0.973295850535359)
(222,1.1349268964644437)
(224,0.9512433130118456)
(226,-1.2446880717678455)
(228,0.8892254636965834)
(230,-1.3459141021777974)
(232,1.1578453288718242)
(234,1.168224979625096)
(236,0.9095119231018817)
(238,1.1705676136834455)
(240,-1.0490784230465213)
(242,0.8975840762247986)
(244,0.9694503698199372)
(246,-0.7668638687498606)
(248,-0.7436466594399869)
(250,-0.9403750036840182)
(252,-0.683960522170044)
(254,1.0974618835956114)
(256,1.0760703129170284)
(258,-0.8894287172931431)
(260,0.8672857601578601)
(262,-0.849606034176775)
(264,-1.1038102806367756)
(266,0.8872063756046655)
(268,1.0138668549322283)
(1,0.23612117635788188)
(3,1.0296720423707424)
(5,0.9654280560580278)
(7,-0.9791449267699203)
(9,-1.1453056470619658)
(11,0.972481433399776)
(13,-0.7582536913169812)
(15,0.9853907422908105)
(17,-1.0241484862727788)
(19,0.9418353532364812)
(21,1.116413377007113)
(23,1.1480730643445667)
(25,0.9134820149869558)
(27,0.8397911646945189)
(29,0.9904936332231218)
(31,1.041022755876061)
(33,-1.04999086094412)
(35,-0.9469839789491897)
(37,-0.8892248664749697)
(39,1.1730959380957209)
(41,0.9416210359879633)
(43,0.9400292638805793)
(45,1.1252382359850301)
(47,-0.7041007852680563)
(49,-1.0342404824658944)
(51,1.050457869345894)
(53,1.0305043407750045)
(55,0.9601324759415197)
(57,0.9786021890059207)
(59,-1.0222959190648477)
(61,-1.229335770042376)
(63,0.8983743289709637)
(65,-0.8847881688947152)
(67,-0.9850409223139281)
(69,-0.8885546522601405)
(71,0.9283217699554921)
(73,0.9447329536163047)
(75,-0.8534835707333773)
(77,0.9160373351030893)
(79,1.0803660027661761)
(81,-1.0235994664433552)
(83,1.191722424039514)
(85,1.23485940420895)
(87,0.8917647673528903)
(89,-1.0507228149213026)
(91,-1.148757091738744)
(93,-0.702542087825865)
(95,-0.7150630197051022)
(97,-0.9987778077008374)
(99,0.8950300294348518)
(101,-0.7735964137042554)
(103,-0.8076387650503899)
(105,-1.1305624083247223)
(107,-1.2275329875674466)
(109,0.9248981553802389)
(111,1.077196442800234)
(113,0.9239793095971341)
(115,0.8782790514803909)
(117,-1.0587580810856114)
(119,-1.0244263384626238)
(121,-0.5797022527605764)
(123,0.8367010084466721)
(125,0.9974979056336389)
(127,0.8750936258995152)
(129,-0.9586597111985323)
(131,-0.7283692976872446)
(133,-0.6878170387249612)
(135,0.9407853797492662)
(137,-0.8015217154171206)
(139,0.9608389930414949)
(141,1.1864169182502455)
(143,1.1502306388577086)
(145,-0.907345407248701)
(147,-1.0178203164463118)
(149,0.8978532177522403)
(151,0.9129616975846895)
(153,1.1259613067500953)
(155,0.9025228772830234)
(157,1.0920100503717252)
(159,-1.0584006813400577)
(161,-1.0380576286366452)
(163,-0.8688145684209474)
(165,0.9558089182054355)
(167,1.1410976323389117)
(169,-0.8653808670468087)
(171,-0.7453948451552684)
(173,0.9207297130234131)
(175,-0.8554255951503454)
(177,-0.8435722734400041)
(179,1.1199069328450797)
(181,-1.2291834478873107)
(183,0.9106827334989571)
(185,1.1943236436866256)
(187,1.0980403762716604)
(189,-0.9763146681773935)
(191,-1.0045182870115263)
(193,-1.0709879137254354)
(195,0.8304885575204529)
(197,0.9114052762341611)
(199,-0.615027793592185)
(201,-0.914343872626755)
(203,-1.0556156861365884)
(205,0.9132926670368596)
(207,0.8991886625294325)
(209,1.094600450286449)
(211,1.1388569245072082)
(213,-0.7912512899320188)
(215,0.8686146600814268)
(217,0.9841022042618773)
(219,1.0745090486171074)
(221,-0.927153760011171)
(223,-0.8854823301670077)
(225,0.966470623069744)
(227,-1.2187695451020095)
(229,0.8899861405184192)
(231,-1.0504169517421813)
(233,-1.0012857970460463)
(235,-0.998693923759594)
(237,-1.019262354418443)
(239,1.060770617113897)
(241,1.1115706862150907)
(243,-0.8510353556500206)
(245,-0.9856781383418458)
(247,0.9202532903617227)
(249,-0.8796969753748769)
(251,1.0971017505321918)
(253,1.149203878821631)
(255,1.0251113665127798)
(257,-1.002213384945888)
(259,1.1338681416684402)
(261,-0.8585603289620811)
(263,1.076403858446135)
(265,0.9609838560816318)
(267,0.8150390034008932)
(269,-0.502608172291248)
===========XXX===============================
(0,-0.23612117635788188)
(2,-1.1018697171687093)
(4,0.9760775330721913)
(6,-0.9605931891423392)
(8,-0.878628249656079)
(10,0.9324694185716299)
(12,1.1445370406702233)
(14,0.9797348655260933)
(16,-0.9261201722988162)
(18,1.0857231818654791)
(20,-0.8594079054161281)
(22,1.1191347928872737)
(24,0.9628144722363481)
(26,0.9357034082248288)
(28,-1.0238152278813408)
(30,-1.0150663125776687)
(32,0.9194712018907127)
(34,-1.028984543840214)
(36,-0.9556372724112403)
(38,1.1214591571608052)
(40,-1.059449299287118)
(42,1.066598882767965)
(44,-0.9405945963049203)
(46,-0.4491385346260184)
(48,-0.8639480986441714)
(50,-1.00425998803339)
(52,0.93166009151269)
(54,0.8312801439266062)
(56,-0.6662107540826178)
(58,-1.0306425084971127)
(60,1.0062166931493206)
(62,1.1025100114455626)
(64,0.9492101337196531)
(66,1.1166871133940566)
(68,0.9796495716085398)
(70,-0.9777142416265503)
(72,1.1627364715862385)
(74,1.0986673003451495)
(76,1.170551692728696)
(78,0.9084780100240417)
(80,-0.9292518686332832)
(82,-1.0342536136215938)
(84,1.0159378905188954)
(86,1.1105669133841096)
(88,0.8815074966396006)
(90,1.0625520999655578)
(92,-0.9533239551930637)
(94,-0.9161179832150299)
(96,1.246820787112556)
(98,0.6620212243782126)
(100,0.9280454807629968)
(102,0.924721807254109)
(104,-0.9671054246420332)
(106,1.097256667199092)
(108,-0.9838818947286934)
(110,-1.0318769519267537)
(112,-1.1125740571879263)
(114,1.065055176838467)
(116,-1.0880465301751332)
(118,0.934169550522343)
(120,-0.8357566087182501)
(122,-0.9579695822462326)
(124,1.3245833281713273)
(126,-0.9025436313937067)
(128,1.1799602492979786)
(130,-0.9440741110132921)
(132,1.1181594634669805)
(134,0.8851216469090966)
(136,0.9704340330675039)
(138,0.9059895792447408)
(140,-0.6592094198865115)
(142,-1.0175896651578775)
(144,-1.0700690965778343)
(146,-0.7717590652724274)
(148,-0.8987333445442904)
(150,1.0856526057165492)
(152,0.8406040813601234)
(154,0.870833538195944)
(156,-1.0010880629762222)
(158,0.8501457802029367)
(160,-1.0664081466056414)
(162,1.0882994974093485)
(164,0.9400374930507437)
(166,0.889739822601608)
(168,0.9386381557194057)
(170,1.1642156165788018)
(172,-0.5984475592926141)
(174,1.0632659265947664)
(176,-0.8693345465310139)
(178,-0.9398010821542256)
(180,0.933512522897829)
(182,-1.0699563968596413)
(184,1.3291068199192848)
(186,-0.8516749489484288)
(188,0.8222040243718857)
(190,1.1558612975218678)
(192,0.8713927041753536)
(194,1.1742449989173065)
(196,0.918909343508636)
(198,1.0218784709433724)
(200,0.9775487738094129)
(202,-0.9694435848128344)
(204,-0.9846606163440201)
(206,0.9468254885626864)
(208,-1.0676565620356184)
(210,-1.167196449197946)
(212,0.9109785189423507)
(214,1.0694615073017812)
(216,0.8550443517855978)
(218,0.8517295177201122)
(220,-0.973295850535359)
(222,1.1349268964644437)
(224,0.9512433130118456)
(226,-1.2446880717678455)
(228,0.8892254636965834)
(230,-1.3459141021777974)
(232,1.1578453288718242)
(234,1.168224979625096)
(236,0.9095119231018817)
(238,1.1705676136834455)
(240,-1.0490784230465213)
(242,0.8975840762247986)
(244,0.9694503698199372)
(246,-0.7668638687498606)
(248,-0.7436466594399869)
(250,-0.9403750036840182)
(252,-0.683960522170044)
(254,1.0974618835956114)
(256,1.0760703129170284)
(258,-0.8894287172931431)
(260,0.8672857601578601)
(262,-0.849606034176775)
(264,-1.1038102806367756)
(266,0.8872063756046655)
(268,1.0138668549322283)
(1,1.3956589790206368)
(3,1.2756114970090304)
(5,1.0745494877213546)
(7,-0.598905463803957)
(9,-0.8014046379302822)
(11,1.393368995852495)
(13,-1.1857741585742265)
(15,1.1187902727564767)
(17,-0.7977086171869587)
(19,1.1330974626684056)
(21,0.846385300217683)
(23,0.8886114014013811)
(25,1.0533905322045274)
(27,1.0764742566688708)
(29,0.7294311551925762)
(31,1.0826148954471229)
(33,-0.5462572960454251)
(35,-1.0816273479590763)
(37,-1.1656003953933893)
(39,0.8191429601374852)
(41,1.069257806628889)
(43,0.8581636005670895)
(45,0.5054483920148579)
(47,-1.2950071388372968)
(49,-0.7974769066631565)
(51,0.6667275006035875)
(53,0.9110437458302578)
(55,0.9547723812355191)
(57,0.897401203218022)
(59,-0.9429291807410516)
(61,-0.4220302194336712)
(63,1.0143581271192577)
(65,-0.6287534761776258)
(67,-1.409006348726213)
(69,-1.1334797299622454)
(71,1.2666133003004245)
(73,1.152569105548972)
(75,-0.8251981863648628)
(77,1.020401641908981)
(79,0.8593231027901264)
(81,-0.7248741450586088)
(83,0.8769125415087419)
(85,0.623181742020239)
(87,1.1085279179705205)
(89,-0.8069287542093252)
(91,-0.8868269943400418)
(93,-0.9076645244709489)
(95,-0.9039900824439056)
(97,-0.9939709292982383)
(99,1.0261804092498483)
(101,-1.024568537997086)
(103,-1.3201745279587427)
(105,-0.8343468460368755)
(107,-0.6842110219443152)
(109,1.0556820460575285)
(111,0.8591872654969747)
(113,0.869868743358491)
(115,1.066788104309577)
(117,-0.7144734098951372)
(119,-0.7842664532210053)
(121,-0.9677265038419814)
(123,1.1101281933330722)
(125,0.9929655063182907)
(127,1.1328033943232525)
(129,-1.0471931599749993)
(131,-0.9704563937354646)
(133,-0.8446912417943632)
(135,1.4060958601995084)
(137,-1.1873253499139556)
(139,1.2576353895788108)
(141,0.8355546652000427)
(143,0.9537519299031473)
(145,-0.7983950913606006)
(147,-0.5946610252851723)
(149,1.3111567353176512)
(151,1.0937844393304563)
(153,1.0248984207446175)
(155,1.0109083494191453)
(157,0.789400212034379)
(159,-0.7950247701487999)
(161,-0.6668806829878399)
(163,-0.6902060904816145)
(165,1.2702486531361319)
(167,0.7310201622633852)
(169,-1.4767702162444785)
(171,-1.0853313394133546)
(173,1.16347600329517)
(175,-1.2012955542365866)
(177,-1.0581682675837498)
(179,0.8639947264976697)
(181,-0.3451264657276536)
(183,1.1552115798391456)
(185,0.8029487039323997)
(187,0.697152558106745)
(189,-0.7423233029234872)
(191,-0.699169332396006)
(193,-0.6556838655888722)
(195,1.1132578329812837)
(197,1.0926356693017878)
(199,-1.1319268086164698)
(201,-1.0797322019742912)
(203,-0.7338103382751316)
(205,0.9104913065016936)
(207,1.4214853204590125)
(209,0.9711473054450608)
(211,0.6104954477356047)
(213,-0.8086925063404409)
(215,1.0284746933203466)
(217,1.1651400855348792)
(219,0.8541104263703323)
(221,-0.8712034462421259)
(223,-1.120108795405583)
(225,1.0258841931797675)
(227,-0.5473068800883587)
(229,0.9924459381152562)
(231,-0.8959686493942169)
(233,-0.7895006448108789)
(235,-0.8280458844762644)
(237,-0.5734279083692463)
(239,0.8609174634791199)
(241,0.8029364437552797)
(243,-0.9209834533843883)
(245,-0.7712814595814044)
(247,1.0698012288373115)
(249,-0.6789109681003983)
(251,0.7802276075656664)
(253,0.8803670871987309)
(255,0.9348685507616679)
(257,-0.714601431856537)
(259,0.8956788959942246)
(261,-0.6917390165571611)
(263,0.8591096872644597)
(265,0.8824655346281038)
(267,1.1220186334318978)
(269,-1.035091271739729)
(time is ,0)